Brand,Model,MinPower,MaxPower,InstallationDate,ValidTo
Daikin,Altherma_3_RF_08kW,800,8000,2023-10-15,2024-01-31
Mitsubishi Electric,Ecodan_PUZ-WM60VHA,600,6000,2024-02-01,2025-01-09
Daikin,Altherma_3_RF_08kW,800,8000,2025-01-10,9999-12-31